prod 300ns
&cntrl
imin=0, ntx=1, irest=0,
ntc=2, ntf=2, tol=0.0000001,
nstlim=150000000, ntt=3, gamma_ln=1.0,
temp0=303.000000,
ntpr=5000, ntwr=500000, ntwx=5000,
dt=0.002, ig=-1,
ntb=2, ioutfm=1, ntxo=2,
ntp=3, csurften=3, gamma_ten=0.0, ninterface=2,
cut=10.0, 
/
/
&ewald
skinnb=3.0,
/

